0.2 0.0 0.0 0.79 -0.79 23.01 23.0 -70.03 -70.0 42.01 42.01 -0.79 0.8 -79.8 -80.2 15.0 15.0 70.0 70.0 15.0 15.0 0.0 0.0
0.3 0.0 0.0 0.79 -0.79 23.01 23.0 -70.03 -70.0 42.01 42.01 -0.79 0.8 -79.8 -80.2 15.0 15.0 70.0 70.0 15.0 15.0 0.0 0.0
0.02 0.18 0.18 2.57 -2.93 28.34 22.94 -77.06 -69.66 38.25 48.05 -2.22 1.97 -79.8 -80.2 15.0 15.0 70.0 70.0 15.0 15.0 0.0 0.0
0.02 0.36 0.36 3.84 -5.49 25.54 19.53 -70.02 -64.34 34.73 53.71 -3.57 3.06 -79.81 -80.2 14.99 15.01 70.0 70.0 15.0 15.0 0.0 0.0
0.02 -0.82 -6.68 5.17 -9.24 32.35 16.33 -77.05 -57.32 41.7 48.49 -3.89 7.21 -79.81 -80.19 14.99 15.01 70.0 70.0 15.0 15.0 0.0 0.0
0.02 -1.95 -13.71 4.71 -12.56 38.74 14.11 -84.07 -50.29 48.65 42.91 -4.03 10.96 -79.81 -80.19 15.0 15.0 70.0 70.0 15.0 15.0 0.0 0.0
0.02 -2.86 -20.73 4.01 -15.23 43.85 12.44 -91.09 -43.26 54.28 38.35 -4.13 13.97 -79.8 -80.19 15.0 15.0 70.0 70.0 15.0 15.0 0.0 0.0
0.02 -2.26 -27.77 11.04 -17.33 36.86 5.42 -96.13 -36.23 47.45 35.91 1.38 15.51 -79.8 -80.19 15.0 15.0 70.0 70.0 15.0 15.0 0.0 0.0
0.02 -1.59 -34.8 18.06 -18.97 29.89 -1.06 -100.09 -29.2 40.62 34.16 6.06 16.59 -79.81 -80.2 14.99 15.01 70.0 70.0 15.0 15.0 0.0 0.0
0.02 -1.03 -41.83 23.81 -20.27 22.91 -6.16 -103.22 -22.89 33.79 32.81 9.94 17.43 -79.81 -80.2 14.99 15.01 70.0 70.0 15.0 15.0 0.0 0.0
0.02 -0.6 -34.81 17.64 -21.28 15.9 4.67 -103.66 -29.92 26.85 39.85 13.07 18.91 -79.81 -80.2 14.99 15.01 70.0 70.0 15.0 15.0 0.0 0.0
0.02 -0.25 -27.78 11.17 -22.07 8.89 11.69 -103.71 -36.95 19.88 46.88 15.58 20.2 -79.8 -80.19 15.0 15.0 70.0 70.0 15.0 15.0 0.0 0.0
0.02 0.02 -21.7 5.9 -22.7 2.02 18.72 -103.71 -43.98 12.93 52.83 17.57 21.23 -79.8 -80.19 15.0 15.0 70.0 70.0 15.0 15.0 0.0 0.0
0.02 0.23 -16.84 0.91 -23.28 -3.84 13.53 -108.51 -36.95 6.02 45.8 19.16 22.04 -79.8 -80.19 15.0 15.0 70.0 70.0 15.0 15.0 0.0 0.0
0.02 0.39 -13.02 -3.44 -22.58 -8.37 6.51 -113.02 -29.93 -1.52 38.78 20.41 22.67 -79.81 -80.2 15.0 15.0 70.0 70.0 15.0 15.0 0.0 0.0
0.02 0.52 -10.01 -6.74 -21.78 -11.92 -0.17 -116.66 -23.49 -8.15 31.75 21.39 23.17 -79.81 -80.2 14.99 15.01 70.0 70.0 15.0 15.0 0.0 0.0
0.02 0.63 -12.96 0.33 -16.4 -5.1 -5.38 -109.82 -30.52 -14.91 24.75 22.11 23.56 -79.81 -80.19 14.99 15.01 70.0 70.0 15.0 15.0 0.0 0.0
0.02 0.71 -11.11 7.26 -9.39 2.53 -9.56 -102.98 -37.54 -20.97 17.8 22.67 23.86 -79.8 -80.19 15.0 15.0 70.0 70.0 15.0 15.0 0.0 0.0
0.02 0.77 -18.13 14.29 -11.7 9.13 -13.15 -107.99 -44.56 -13.98 18.03 23.13 24.11 -79.8 -80.19 15.0 15.0 70.0 70.0 15.0 15.0 0.0 0.0
0.02 0.82 -25.15 20.69 -14.45 16.09 -12.73 -112.69 -51.59 -6.98 11.02 23.51 24.3 -79.81 -80.2 15.0 15.0 70.0 70.0 15.0 15.0 0.0 0.0
0.02 -6.21 -20.74 13.7 -16.71 22.98 -4.53 -105.81 -58.61 -13.63 3.99 23.82 24.45 -79.81 -80.2 14.99 15.01 70.0 70.0 15.0 15.0 0.0 0.0
0.02 -13.23 -16.17 6.75 -18.49 29.88 1.12 -98.98 -65.64 -20.06 -3.03 24.06 24.57 -79.81 -80.2 14.99 15.01 70.0 70.0 15.0 15.0 0.0 0.0
0.02 -20.24 -12.48 1.15 -11.46 36.8 -2.86 -92.18 -67.49 -13.41 -10.01 24.23 17.64 -79.8 -80.19 15.0 15.0 70.0 70.0 15.0 15.0 0.0 0.0
0.02 -27.24 -9.59 -5.36 -10.55 40.96 -6.2 -85.35 -68.78 -6.77 -14.92 24.38 10.64 -79.8 -80.19 15.0 15.0 70.0 70.0 15.0 15.0 0.0 0.0
0.02 -22.67 -7.51 -4.08 -8.09 36.94 -21.4 -78.33 -61.83 -2.14 -9.3 18.89 7.1 -79.8 -80.19 15.0 15.0 70.0 70.0 15.0 15.0 0.0 0.0
0.02 -17.91 -5.89 -2.13 -5.26 32.95 -31.72 -71.31 -55.17 2.05 -3.6 13.71 4.33 -79.81 -80.2 14.99 15.01 70.0 70.0 15.0 15.0 0.0 0.0
