0.2 -0.0 -0.0 6.0 5.99 37.0 37.0 -70.01 -70.02 38.01 38.01 -6.0 -5.99 -50.03 -50.02 29.99 29.99 0.08 0.08 49.97 49.97 0.0 0.0
0.3 -0.0 -0.0 6.0 5.99 37.0 37.0 -70.01 -70.02 38.01 38.01 -6.0 -5.99 -50.03 -50.02 29.99 29.99 0.08 0.08 49.97 49.97 0.0 0.0
0.02 -0.95 0.18 10.18 0.92 38.45 36.89 -73.95 -65.5 41.07 34.53 -8.3 -3.06 -50.02 -50.02 29.99 29.99 0.06 0.07 49.98 49.98 0.0 0.0
0.02 -0.78 1.18 11.39 -4.4 31.44 38.3 -77.61 -60.34 43.91 31.27 -10.43 -0.32 -50.02 -50.01 29.99 29.99 0.05 0.05 49.98 49.98 0.0 0.0
0.02 -1.86 0.18 14.12 -8.8 32.91 38.14 -80.58 -56.01 46.22 28.64 -12.17 1.9 -50.01 -50.01 29.99 29.99 0.04 0.04 49.99 49.99 0.0 0.0
0.02 -1.56 0.14 16.13 -12.28 34.49 38.98 -82.92 -52.58 48.05 26.57 -13.53 3.64 -50.01 -50.01 30.0 30.0 0.03 0.03 49.99 49.99 0.0 0.0
0.02 -1.06 0.29 17.44 -14.92 35.7 40.16 -84.76 -49.88 49.48 24.94 -14.61 5.01 -50.01 -50.01 30.0 30.0 0.03 0.02 49.99 49.99 0.0 0.0
0.02 -0.62 0.44 17.64 -16.54 36.05 41.67 -84.81 -47.75 50.6 23.66 -15.45 6.08 -50.01 -50.0 30.0 30.0 0.02 0.02 49.99 49.99 0.0 0.0
0.02 -0.27 0.56 17.05 -17.49 36.12 43.3 -84.63 -46.09 51.49 22.66 -16.11 6.92 -50.0 -50.0 30.0 30.0 0.02 0.02 50.0 50.0 0.0 0.0
0.02 0.01 0.66 16.25 -17.78 35.91 44.86 -84.47 -44.78 52.18 21.87 -16.63 7.58 -50.0 -50.0 30.0 30.0 0.01 0.01 50.0 50.0 0.0 0.0
0.02 0.22 -4.81 10.88 -16.85 40.91 39.27 -91.49 -43.75 56.44 21.26 -12.28 8.1 -50.0 -50.0 30.0 30.0 0.01 0.01 50.0 50.0 0.0 0.0
0.02 0.38 -9.33 4.62 -16.01 45.52 34.06 -98.22 -42.94 60.34 20.77 -8.14 8.51 -50.0 -50.0 30.0 30.0 0.01 0.01 50.0 50.0 0.0 0.0
0.02 0.51 -12.85 -0.76 -15.34 49.22 29.89 -103.67 -42.31 63.48 20.39 -4.81 8.83 -50.0 -50.0 30.0 30.0 0.01 0.01 50.0 50.0 0.0 0.0
0.02 0.62 -17.7 -5.77 -14.75 42.21 27.22 -109.07 -41.81 56.62 20.09 1.33 9.08 -50.0 -50.0 30.0 30.0 0.0 0.0 50.0 50.0 0.0 0.0
0.02 0.7 -23.69 -9.86 -14.29 35.21 25.22 -113.49 -41.42 49.75 19.86 6.05 9.28 -50.0 -50.0 30.0 30.0 0.0 0.0 50.0 50.0 0.0 0.0
0.02 0.77 -28.84 -13.11 -13.92 29.07 23.67 -117.0 -41.12 42.84 19.67 9.95 9.43 -50.0 -50.0 30.0 30.0 0.0 0.0 50.0 50.0 0.0 0.0
0.02 0.82 -32.94 -15.66 -13.62 24.13 22.44 -119.78 -40.88 35.9 19.53 13.1 9.56 -50.0 -50.0 30.0 30.0 0.0 0.0 50.0 50.0 0.0 0.0
0.02 0.86 -36.17 -17.67 -13.4 20.22 21.48 -121.97 -40.69 28.92 19.41 15.61 9.65 -50.0 -50.0 30.0 30.0 0.0 0.0 50.0 50.0 0.0 0.0
0.02 0.89 -33.12 -17.05 -12.89 13.21 28.51 -123.68 -40.54 22.0 19.33 16.22 9.73 -50.0 -50.0 30.0 30.0 0.0 0.0 50.0 50.0 0.0 0.0
0.02 0.91 -29.87 -16.22 -12.45 6.2 35.54 -125.03 -40.43 15.08 19.26 16.49 9.79 -50.0 -50.0 30.0 30.0 0.0 0.0 50.0 50.0 0.0 0.0
0.02 0.93 -27.22 -15.53 -12.1 -0.58 42.57 -126.09 -40.33 8.16 19.2 16.68 9.83 -50.0 -50.0 30.0 30.0 0.0 0.0 50.0 50.0 0.0 0.0
0.02 0.94 -25.13 -14.99 -11.82 -5.57 49.6 -126.92 -40.26 1.5 19.16 16.83 9.87 -50.0 -50.0 30.0 30.0 0.0 0.0 50.0 50.0 0.0 0.0
0.02 0.95 -23.49 -14.57 -11.59 -9.67 56.63 -127.58 -40.21 -4.29 19.12 16.95 9.9 -50.0 -50.0 30.0 30.0 0.0 0.0 50.0 50.0 0.0 0.0
0.02 -6.06 -30.51 -16.42 -5.54 -3.59 54.68 -123.96 -40.16 -11.23 19.1 18.4 9.92 -50.0 -50.0 30.0 30.0 0.0 0.0 50.0 50.0 0.0 0.0
0.02 -5.29 -35.72 -16.93 -6.44 2.58 48.34 -124.63 -40.13 -16.53 19.08 15.93 9.93 -50.0 -50.0 30.0 30.0 0.0 0.0 50.0 50.0 0.0 0.0
0.02 -3.99 -40.02 -17.18 -7.79 7.59 42.24 -125.71 -40.1 -20.7 19.06 13.44 9.95 -50.0 -50.0 30.0 30.0 0.0 0.0 50.0 50.0 0.0 0.0
0.02 -2.92 -40.29 -10.16 -4.22 14.58 35.21 -118.8 -36.95 -25.54 12.04 15.23 12.7 -50.0 -50.0 30.0 30.0 0.0 0.0 50.0 50.0 0.0 0.0
0.02 -2.08 -33.26 -10.97 -1.08 13.53 30.2 -120.17 -29.92 -28.14 11.91 13.73 15.28 -50.0 -50.0 30.0 30.0 0.0 0.0 50.0 50.0 0.0 0.0
0.02 -1.42 -30.57 -3.97 -5.48 20.52 26.26 -113.26 -31.89 -31.45 5.87 15.58 16.85 -50.0 -50.0 30.0 30.0 0.0 0.0 50.0 50.0 0.0 0.0
0.02 -8.4 -26.42 3.17 -9.63 27.43 23.84 -110.26 -38.92 -34.24 1.07 17.2 17.64 -50.0 -50.0 30.0 30.0 0.0 0.0 50.0 50.0 0.0 0.0
0.02 -15.39 -21.74 -1.42 -12.93 34.28 21.59 -103.55 -45.96 -32.5 -5.94 16.71 19.07 -50.0 -50.0 30.0 30.0 0.0 0.0 50.0 50.0 0.0 0.0
0.02 -22.36 -17.68 -6.22 -15.52 41.1 17.32 -96.88 -52.99 -26.03 -12.95 17.82 20.32 -50.0 -50.0 30.0 30.0 0.0 0.0 50.0 50.0 0.0 0.0
0.02 -29.33 -14.45 -10.15 -17.55 47.9 10.31 -90.24 -60.02 -19.61 -19.26 18.93 21.33 -50.0 -50.0 30.0 30.0 0.0 0.0 50.0 50.0 0.0 0.0
0.02 -36.31 -11.89 -13.29 -19.15 54.52 3.29 -83.52 -67.05 -13.11 -24.36 19.87 22.12 -50.0 -50.0 30.0 30.0 0.0 0.0 50.0 50.0 0.0 0.0
0.02 -43.31 -9.87 -15.77 -20.4 60.03 -2.68 -76.75 -74.08 -6.65 -28.4 20.65 22.74 -50.0 -50.0 30.0 30.0 0.0 0.0 50.0 50.0 0.0 0.0
0.02 -49.67 -8.28 -17.73 -21.39 64.45 -7.45 -70.02 -81.11 -1.87 -31.58 21.29 23.22 -50.0 -50.0 30.0 30.0 0.0 0.0 50.0 50.0 0.0 0.0
0.02 -54.85 -7.03 -19.28 -22.17 67.97 -11.21 -64.38 -88.14 5.65 -34.09 21.8 23.61 -50.0 -50.0 30.0 30.0 0.0 0.0 50.0 50.0 0.0 0.0
0.02 -58.94 -6.05 -20.5 -22.78 70.76 -14.16 -59.84 -95.16 10.14 -36.06 22.2 23.91 -50.0 -50.0 30.0 30.0 0.0 0.0 50.0 50.0 0.0 0.0
0.02 -62.16 -5.27 -21.45 -23.26 72.96 -16.48 -56.22 -102.2 13.46 -37.61 22.51 24.14 -50.0 -50.0 30.0 30.0 0.0 0.0 50.0 50.0 0.0 0.0
0.02 -64.69 -4.66 -22.21 -23.63 74.68 -18.31 -53.36 -108.1 16.1 -38.83 22.75 24.33 -50.0 -50.0 30.0 30.0 0.0 0.0 50.0 50.0 0.0 0.0
0.02 -66.68 -4.18 -22.81 -23.93 76.04 -19.75 -51.1 -112.8 18.2 -39.78 22.94 24.47 -50.0 -50.0 30.0 30.0 0.0 0.0 50.0 50.0 0.0 0.0
0.02 -68.24 -3.81 -23.28 -24.16 77.11 -20.88 -49.33 -118.39 19.87 -40.53 23.09 24.59 -50.0 -50.0 30.0 30.0 0.0 0.0 50.0 50.0 0.0 0.0
0.02 -69.46 -3.51 -23.64 -24.34 77.94 -21.76 -47.95 -121.7 21.19 -41.13 23.2 24.68 -50.0 -50.0 30.0 30.0 0.0 0.0 50.0 50.0 0.0 0.0
0.02 -70.41 -3.27 -23.93 -24.48 78.59 -22.46 -46.86 -123.63 22.24 -41.59 23.29 24.75 -50.0 -50.0 30.0 30.0 0.0 0.0 50.0 50.0 0.0 0.0
0.02 -71.16 -3.09 -24.16 -24.59 79.11 -23.0 -46.01 -125.02 23.06 -41.95 23.36 24.8 -50.0 -50.0 30.0 30.0 0.0 0.0 50.0 50.0 0.0 0.0
0.02 -71.75 -2.95 -24.34 -24.68 79.51 -23.43 -45.34 -126.09 23.71 -42.24 23.42 24.84 -50.0 -50.0 30.0 30.0 0.0 0.0 50.0 50.0 0.0 0.0
