0.2 -0.0 -0.0 5.99 6.0 37.0 37.0 -70.02 -70.01 38.01 38.01 -5.99 -6.0 -50.02 -50.03 29.99 29.99 0.08 0.08 49.97 49.97 0.0 0.0
0.3 -0.0 -0.0 5.99 6.0 37.0 37.0 -70.02 -70.01 38.01 38.01 -5.99 -6.0 -50.02 -50.03 29.99 29.99 0.08 0.08 49.97 49.97 0.0 0.0
0.02 0.18 -0.95 0.92 10.18 36.89 38.45 -65.5 -73.95 34.53 41.07 -3.06 -8.3 -50.02 -50.02 29.99 29.99 0.07 0.06 49.98 49.98 0.0 0.0
0.02 1.18 -0.78 -4.4 11.39 38.3 31.44 -60.34 -77.61 31.27 43.91 -0.32 -10.43 -50.01 -50.02 29.99 29.99 0.05 0.05 49.98 49.98 0.0 0.0
0.02 0.18 -1.86 -8.8 14.12 38.14 32.91 -56.01 -80.58 28.64 46.22 1.9 -12.17 -50.01 -50.01 29.99 29.99 0.04 0.04 49.99 49.99 0.0 0.0
0.02 0.14 -1.56 -12.28 16.13 38.98 34.49 -52.58 -82.92 26.57 48.05 3.64 -13.53 -50.01 -50.01 30.0 30.0 0.03 0.03 49.99 49.99 0.0 0.0
0.02 0.29 -1.06 -14.92 17.44 40.16 35.7 -49.88 -84.76 24.94 49.48 5.01 -14.61 -50.01 -50.01 30.0 30.0 0.02 0.03 49.99 49.99 0.0 0.0
0.02 0.44 -0.62 -16.54 17.64 41.67 36.05 -47.75 -84.81 23.66 50.6 6.08 -15.45 -50.0 -50.01 30.0 30.0 0.02 0.02 49.99 49.99 0.0 0.0
0.02 0.56 -0.27 -17.49 17.05 43.3 36.12 -46.09 -84.63 22.66 51.49 6.92 -16.11 -50.0 -50.0 30.0 30.0 0.02 0.02 50.0 50.0 0.0 0.0
0.02 0.66 0.01 -17.78 16.25 44.86 35.91 -44.78 -84.47 21.87 52.18 7.58 -16.63 -50.0 -50.0 30.0 30.0 0.01 0.01 50.0 50.0 0.0 0.0
0.02 -4.81 0.22 -16.85 10.88 39.27 40.91 -43.75 -91.49 21.26 56.44 8.1 -12.28 -50.0 -50.0 30.0 30.0 0.01 0.01 50.0 50.0 0.0 0.0
0.02 -9.33 0.38 -16.01 4.62 34.06 45.52 -42.94 -98.22 20.77 60.34 8.51 -8.14 -50.0 -50.0 30.0 30.0 0.01 0.01 50.0 50.0 0.0 0.0
0.02 -12.85 0.51 -15.34 -0.76 29.89 49.22 -42.31 -103.67 20.39 63.48 8.83 -4.81 -50.0 -50.0 30.0 30.0 0.01 0.01 50.0 50.0 0.0 0.0
0.02 -17.7 0.62 -14.75 -5.77 27.22 42.21 -41.81 -109.07 20.09 56.62 9.08 1.33 -50.0 -50.0 30.0 30.0 0.0 0.0 50.0 50.0 0.0 0.0
0.02 -23.69 0.7 -14.29 -9.86 25.22 35.21 -41.42 -113.49 19.86 49.75 9.28 6.05 -50.0 -50.0 30.0 30.0 0.0 0.0 50.0 50.0 0.0 0.0
0.02 -28.84 0.77 -13.92 -13.11 23.67 29.07 -41.12 -117.0 19.67 42.84 9.43 9.95 -50.0 -50.0 30.0 30.0 0.0 0.0 50.0 50.0 0.0 0.0
0.02 -32.94 0.82 -13.62 -15.66 22.44 24.13 -40.88 -119.78 19.53 35.9 9.56 13.1 -50.0 -50.0 30.0 30.0 0.0 0.0 50.0 50.0 0.0 0.0
0.02 -36.17 0.86 -13.4 -17.67 21.48 20.22 -40.69 -121.97 19.41 28.92 9.65 15.61 -50.0 -50.0 30.0 30.0 0.0 0.0 50.0 50.0 0.0 0.0
0.02 -33.12 0.89 -12.89 -17.05 28.51 13.21 -40.54 -123.68 19.33 22.0 9.73 16.22 -50.0 -50.0 30.0 30.0 0.0 0.0 50.0 50.0 0.0 0.0
0.02 -29.87 0.91 -12.45 -16.22 35.54 6.2 -40.43 -125.03 19.26 15.08 9.79 16.49 -50.0 -50.0 30.0 30.0 0.0 0.0 50.0 50.0 0.0 0.0
0.02 -27.22 0.93 -12.1 -15.53 42.57 -0.58 -40.33 -126.09 19.2 8.16 9.83 16.68 -50.0 -50.0 30.0 30.0 0.0 0.0 50.0 50.0 0.0 0.0
0.02 -25.13 0.94 -11.82 -14.99 49.6 -5.57 -40.26 -126.92 19.16 1.5 9.87 16.83 -50.0 -50.0 30.0 30.0 0.0 0.0 50.0 50.0 0.0 0.0
0.02 -23.49 0.95 -11.59 -14.57 56.63 -9.67 -40.21 -127.58 19.12 -4.29 9.9 16.95 -50.0 -50.0 30.0 30.0 0.0 0.0 50.0 50.0 0.0 0.0
0.02 -30.51 -6.06 -5.54 -16.42 54.68 -3.59 -40.16 -123.96 19.1 -11.23 9.92 18.4 -50.0 -50.0 30.0 30.0 0.0 0.0 50.0 50.0 0.0 0.0
0.02 -35.72 -5.29 -6.44 -16.93 48.34 2.58 -40.13 -124.63 19.08 -16.53 9.93 15.93 -50.0 -50.0 30.0 30.0 0.0 0.0 50.0 50.0 0.0 0.0
0.02 -40.02 -3.99 -7.79 -17.18 42.24 7.59 -40.1 -125.71 19.06 -20.7 9.95 13.44 -50.0 -50.0 30.0 30.0 0.0 0.0 50.0 50.0 0.0 0.0
0.02 -40.29 -2.92 -4.22 -10.16 35.21 14.58 -36.95 -118.8 12.04 -25.54 12.7 15.23 -50.0 -50.0 30.0 30.0 0.0 0.0 50.0 50.0 0.0 0.0
0.02 -33.26 -2.08 -1.08 -10.97 30.2 13.53 -29.92 -120.17 11.91 -28.14 15.28 13.73 -50.0 -50.0 30.0 30.0 0.0 0.0 50.0 50.0 0.0 0.0
0.02 -30.57 -1.42 -5.48 -3.97 26.26 20.52 -31.89 -113.26 5.87 -31.45 16.85 15.58 -50.0 -50.0 30.0 30.0 0.0 0.0 50.0 50.0 0.0 0.0
0.02 -26.42 -8.4 -9.63 3.17 23.84 27.43 -38.92 -110.26 1.07 -34.24 17.64 17.2 -50.0 -50.0 30.0 30.0 0.0 0.0 50.0 50.0 0.0 0.0
0.02 -21.74 -15.39 -12.93 -1.42 21.59 34.28 -45.96 -103.55 -5.94 -32.5 19.07 16.71 -50.0 -50.0 30.0 30.0 0.0 0.0 50.0 50.0 0.0 0.0
0.02 -17.68 -22.36 -15.52 -6.22 17.32 41.1 -52.99 -96.88 -12.95 -26.03 20.32 17.82 -50.0 -50.0 30.0 30.0 0.0 0.0 50.0 50.0 0.0 0.0
0.02 -14.45 -29.33 -17.55 -10.15 10.31 47.9 -60.02 -90.24 -19.26 -19.61 21.33 18.93 -50.0 -50.0 30.0 30.0 0.0 0.0 50.0 50.0 0.0 0.0
0.02 -11.89 -36.31 -19.15 -13.29 3.29 54.52 -67.05 -83.52 -24.36 -13.11 22.12 19.87 -50.0 -50.0 30.0 30.0 0.0 0.0 50.0 50.0 0.0 0.0
0.02 -9.87 -43.31 -20.4 -15.77 -2.68 60.03 -74.08 -76.75 -28.4 -6.65 22.74 20.65 -50.0 -50.0 30.0 30.0 0.0 0.0 50.0 50.0 0.0 0.0
0.02 -8.28 -49.67 -21.39 -17.73 -7.45 64.45 -81.11 -70.02 -31.58 -1.87 23.22 21.29 -50.0 -50.0 30.0 30.0 0.0 0.0 50.0 50.0 0.0 0.0
0.02 -7.03 -54.85 -22.17 -19.28 -11.21 67.97 -88.14 -64.38 -34.09 5.65 23.61 21.8 -50.0 -50.0 30.0 30.0 0.0 0.0 50.0 50.0 0.0 0.0
0.02 -6.05 -58.94 -22.78 -20.5 -14.16 70.76 -95.16 -59.84 -36.06 10.14 23.91 22.2 -50.0 -50.0 30.0 30.0 0.0 0.0 50.0 50.0 0.0 0.0
0.02 -5.27 -62.16 -23.26 -21.45 -16.48 72.96 -102.2 -56.22 -37.61 13.46 24.14 22.51 -50.0 -50.0 30.0 30.0 0.0 0.0 50.0 50.0 0.0 0.0
0.02 -4.66 -64.69 -23.63 -22.21 -18.31 74.68 -108.1 -53.36 -38.83 16.1 24.33 22.75 -50.0 -50.0 30.0 30.0 0.0 0.0 50.0 50.0 0.0 0.0
0.02 -4.18 -66.68 -23.93 -22.81 -19.75 76.04 -112.8 -51.1 -39.78 18.2 24.47 22.94 -50.0 -50.0 30.0 30.0 0.0 0.0 50.0 50.0 0.0 0.0
0.02 -3.81 -68.24 -24.16 -23.28 -20.88 77.11 -118.39 -49.33 -40.53 19.87 24.59 23.09 -50.0 -50.0 30.0 30.0 0.0 0.0 50.0 50.0 0.0 0.0
0.02 -3.51 -69.46 -24.34 -23.64 -21.76 77.94 -121.7 -47.95 -41.13 21.19 24.68 23.2 -50.0 -50.0 30.0 30.0 0.0 0.0 50.0 50.0 0.0 0.0
0.02 -3.27 -70.41 -24.48 -23.93 -22.46 78.59 -123.63 -46.86 -41.59 22.24 24.75 23.29 -50.0 -50.0 30.0 30.0 0.0 0.0 50.0 50.0 0.0 0.0
0.02 -3.09 -71.16 -24.59 -24.16 -23.0 79.11 -125.02 -46.01 -41.95 23.06 24.8 23.36 -50.0 -50.0 30.0 30.0 0.0 0.0 50.0 50.0 0.0 0.0
0.02 -2.95 -71.75 -24.68 -24.34 -23.43 79.51 -126.09 -45.34 -42.24 23.71 24.84 23.42 -50.0 -50.0 30.0 30.0 0.0 0.0 50.0 50.0 0.0 0.0
