0.2 -0.0 -0.0 5.99 6.0 37.0 36.99 -70.01 -70.0 38.01 38.0 -5.99 -6.0 -50.02 -50.02 29.99 29.99 0.08 0.08 49.97 49.98 0.0 0.0
0.3 -0.0 -0.0 5.99 6.0 37.0 36.99 -70.01 -70.0 38.01 38.0 -5.99 -6.0 -50.02 -50.02 29.99 29.99 0.08 0.08 49.97 49.98 0.0 0.0
0.02 -0.45 0.18 9.56 1.52 40.83 38.15 -74.1 -66.19 36.46 34.52 -6.54 -3.06 -50.02 -50.02 29.99 29.99 0.06 0.06 49.98 49.98 0.0 0.0
0.02 -0.28 0.35 4.25 -3.38 34.05 37.18 -77.89 -61.04 35.04 31.26 -7.04 -0.32 -50.01 -50.01 29.99 29.99 0.05 0.05 49.98 49.98 0.0 0.0
0.02 -0.35 0.49 7.05 -7.3 40.65 40.55 -80.98 -56.59 34.5 28.63 -7.46 1.9 -50.01 -50.01 30.0 30.0 0.04 0.04 49.99 49.99 0.0 0.0
0.02 -1.05 0.6 4.49 -10.95 43.71 47.57 -83.41 -53.05 33.58 26.58 -7.78 3.63 -50.01 -50.01 30.0 30.0 0.03 0.03 49.99 49.99 0.0 0.0
0.02 -0.82 0.69 2.22 -10.27 46.64 49.48 -85.33 -50.95 32.73 24.95 -8.04 5.0 -50.01 -50.01 30.0 30.0 0.03 0.03 49.99 49.99 0.0 0.0
0.02 -0.46 0.75 -0.56 -9.26 53.67 56.37 -83.91 -48.75 32.06 23.67 -8.24 6.07 -50.0 -50.0 30.0 30.0 0.02 0.02 49.99 49.99 0.0 0.0
0.02 -1.48 0.81 -4.07 -8.52 59.47 63.4 -82.34 -46.89 31.52 22.67 -8.4 6.92 -50.0 -50.0 30.0 30.0 0.02 0.02 50.0 50.0 0.0 0.0
0.02 -1.24 0.85 -8.23 -11.23 64.02 70.43 -81.06 -45.41 31.11 21.88 -8.52 7.58 -50.0 -50.0 30.0 30.0 0.01 0.01 50.0 50.0 0.0 0.0
0.02 -2.64 -6.18 -11.77 -14.37 63.23 66.51 -79.34 -44.25 38.12 21.26 -2.46 8.1 -50.0 -50.0 30.0 30.0 0.01 0.01 50.0 50.0 0.0 0.0
0.02 -3.98 -13.21 -14.6 -16.7 61.94 59.48 -77.88 -43.34 45.13 20.78 3.42 8.51 -50.0 -50.0 30.0 30.0 0.01 0.01 50.0 50.0 0.0 0.0
0.02 -5.06 -20.24 -16.83 -18.49 60.85 52.45 -76.72 -42.62 51.37 20.39 8.01 8.83 -50.0 -50.0 30.0 30.0 0.01 0.01 50.0 50.0 0.0 0.0
0.02 -6.73 -24.24 -18.58 -16.97 53.83 45.42 -83.72 -42.06 44.44 20.09 8.77 9.08 -50.0 -50.0 30.0 30.0 0.0 0.0 50.0 50.0 0.0 0.0
0.02 -8.17 -27.15 -19.96 -15.33 46.79 38.38 -90.73 -41.62 37.5 19.86 8.97 9.28 -50.0 -50.0 30.0 30.0 0.0 0.0 50.0 50.0 0.0 0.0
0.02 -9.32 -29.4 -21.04 -13.99 39.76 31.35 -97.74 -41.27 30.56 19.68 9.1 9.43 -50.0 -50.0 30.0 30.0 0.0 0.0 50.0 50.0 0.0 0.0
0.02 -10.22 -31.17 -21.89 -12.94 32.73 24.32 -104.39 -41.0 23.62 19.53 9.2 9.55 -50.0 -50.0 30.0 30.0 0.0 0.0 50.0 50.0 0.0 0.0
0.02 -10.93 -32.56 -22.56 -12.11 25.7 17.29 -109.84 -40.78 16.66 19.42 9.29 9.65 -50.0 -50.0 30.0 30.0 0.0 0.0 50.0 50.0 0.0 0.0
0.02 -8.82 -34.91 -19.85 -12.93 18.68 14.42 -114.13 -40.61 9.76 19.33 12.1 9.72 -50.0 -50.0 30.0 30.0 0.0 0.0 50.0 50.0 0.0 0.0
0.02 -6.77 -36.95 -17.24 -13.79 11.7 17.64 -117.48 -40.48 2.93 19.26 14.73 9.78 -50.0 -50.0 30.0 30.0 0.0 0.0 50.0 50.0 0.0 0.0
0.02 -5.12 -38.57 -15.14 -14.49 4.77 24.67 -120.12 -40.38 -3.96 19.2 16.87 9.83 -50.0 -50.0 30.0 30.0 0.0 0.0 50.0 50.0 0.0 0.0
0.02 -3.81 -39.84 -13.48 -15.05 -1.66 31.7 -122.2 -40.3 -9.88 19.16 18.58 9.87 -50.0 -50.0 30.0 30.0 0.0 0.0 50.0 50.0 0.0 0.0
0.02 -2.78 -40.85 -12.17 -15.49 -6.52 38.53 -123.85 -40.23 -14.69 19.12 19.95 9.9 -50.0 -50.0 30.0 30.0 0.0 0.0 50.0 50.0 0.0 0.0
0.02 -9.77 -45.23 -14.36 -11.05 -0.98 42.54 -116.94 -40.18 -20.71 19.1 20.39 9.92 -50.0 -50.0 30.0 30.0 0.0 0.0 50.0 50.0 0.0 0.0
0.02 -8.08 -47.73 -15.29 -11.28 4.72 39.71 -118.66 -40.14 -24.2 19.08 17.43 9.93 -50.0 -50.0 30.0 30.0 0.0 0.0 50.0 50.0 0.0 0.0
0.02 -6.15 -49.53 -15.89 -11.67 9.29 35.62 -120.99 -40.11 -26.75 19.06 14.6 9.95 -50.0 -50.0 30.0 30.0 0.0 0.0 50.0 50.0 0.0 0.0
0.02 -4.61 -47.05 -10.13 -6.19 16.28 30.55 -122.9 -37.49 -30.37 12.06 16.16 3.02 -50.0 -50.0 30.0 30.0 0.0 0.0 50.0 50.0 0.0 0.0
0.02 -3.42 -40.04 -3.19 -4.58 9.29 23.51 -115.9 -37.23 -32.65 16.21 17.97 6.35 -50.0 -50.0 30.0 30.0 0.0 0.0 50.0 50.0 0.0 0.0
0.02 -2.48 -34.79 3.98 -8.48 16.24 19.59 -118.06 -44.26 -35.14 16.14 19.46 8.06 -50.0 -50.0 30.0 30.0 0.0 0.0 50.0 50.0 0.0 0.0
0.02 -9.44 -27.84 10.92 -11.19 23.13 19.15 -111.93 -51.29 -37.14 9.9 20.6 11.33 -50.0 -50.0 30.0 30.0 0.0 0.0 50.0 50.0 0.0 0.0
0.02 -16.42 -21.79 5.13 -14.03 29.95 14.22 -114.43 -53.45 -38.75 4.2 21.51 14.21 -50.0 -50.0 30.0 30.0 0.0 0.0 50.0 50.0 0.0 0.0
0.02 -23.39 -16.96 -1.14 -16.37 36.75 9.22 -107.81 -60.48 -32.33 -2.8 22.19 13.28 -50.0 -50.0 30.0 30.0 0.0 0.0 50.0 50.0 0.0 0.0
0.02 -30.36 -13.15 -6.08 -18.22 43.55 2.56 -101.2 -67.51 -25.92 -9.81 22.75 12.07 -50.0 -50.0 30.0 30.0 0.0 0.0 50.0 50.0 0.0 0.0
0.02 -37.34 -10.15 -10.04 -19.67 48.46 -3.24 -94.48 -74.55 -19.41 -16.82 23.21 11.06 -50.0 -50.0 30.0 30.0 0.0 0.0 50.0 50.0 0.0 0.0
0.02 -43.85 -7.77 -13.18 -20.82 55.35 -7.89 -87.74 -81.58 -12.91 -22.76 23.59 10.26 -50.0 -50.0 30.0 30.0 0.0 0.0 50.0 50.0 0.0 0.0
0.02 -49.19 -5.9 -15.68 -21.72 62.29 -11.55 -80.94 -88.61 -6.47 -27.52 23.9 9.62 -50.0 -50.0 30.0 30.0 0.0 0.0 50.0 50.0 0.0 0.0
0.02 -53.42 -4.43 -17.65 -22.42 69.25 -14.43 -74.1 -95.63 2.23 -31.26 24.15 9.12 -50.0 -50.0 30.0 30.0 0.0 0.0 50.0 50.0 0.0 0.0
0.02 -56.76 -3.28 -19.2 -22.98 75.61 -16.69 -67.22 -102.66 7.62 -34.21 24.34 8.72 -50.0 -50.0 30.0 30.0 0.0 0.0 50.0 50.0 0.0 0.0
0.02 -59.39 -2.36 -20.43 -23.42 80.8 -18.46 -60.31 -108.47 14.26 -36.53 24.5 8.41 -50.0 -50.0 30.0 30.0 0.0 0.0 50.0 50.0 0.0 0.0
0.02 -59.4 -0.64 -20.42 -23.76 80.82 -21.02 -60.26 -114.91 14.21 -38.34 24.5 8.17 -50.0 -50.0 30.0 30.0 0.0 0.0 50.0 50.0 0.0 0.0
0.02 -59.41 -0.21 -20.42 -24.03 80.83 -22.12 -60.24 -120.6 14.17 -39.77 24.5 7.98 -50.0 -50.0 30.0 30.0 0.0 0.0 50.0 50.0 0.0 0.0
0.02 -59.41 0.3 -20.42 -24.24 80.83 -22.77 -60.22 -125.39 14.15 -40.9 24.5 7.83 -50.0 -50.0 30.0 30.0 0.0 0.0 50.0 50.0 0.0 0.0
0.02 -59.41 0.47 -20.42 -24.4 80.84 -23.25 -60.21 -129.25 14.13 -41.78 24.5 7.71 -50.0 -50.0 30.0 30.0 0.0 0.0 50.0 50.0 0.0 0.0
0.02 -59.41 0.57 -20.42 -24.53 80.84 -23.63 -60.2 -132.24 14.12 -42.47 24.5 7.62 -50.0 -50.0 30.0 30.0 0.0 0.0 50.0 50.0 0.0 0.0
0.02 -59.41 0.66 -20.42 -24.63 80.84 -23.92 -60.2 -129.25 14.11 -46.85 24.5 7.54 -50.0 -50.0 30.0 30.0 0.0 0.0 50.0 50.0 0.0 0.0
