0.2 -0.0 -0.0 6.0 5.99 36.99 37.0 -70.0 -70.01 38.0 38.01 -6.0 -5.99 -50.02 -50.02 29.99 29.99 0.08 0.08 49.98 49.97 0.0 0.0
0.3 -0.0 -0.0 6.0 5.99 36.99 37.0 -70.0 -70.01 38.0 38.01 -6.0 -5.99 -50.02 -50.02 29.99 29.99 0.08 0.08 49.98 49.97 0.0 0.0
0.02 0.18 -0.45 1.52 9.56 38.15 40.83 -66.19 -74.1 34.52 36.46 -3.06 -6.54 -50.02 -50.02 29.99 29.99 0.06 0.06 49.98 49.98 0.0 0.0
0.02 0.35 -0.28 -3.38 4.25 37.18 34.05 -61.04 -77.89 31.26 35.04 -0.32 -7.04 -50.01 -50.01 29.99 29.99 0.05 0.05 49.98 49.98 0.0 0.0
0.02 0.49 -0.35 -7.3 7.05 40.55 40.65 -56.59 -80.98 28.63 34.5 1.9 -7.46 -50.01 -50.01 30.0 30.0 0.04 0.04 49.99 49.99 0.0 0.0
0.02 0.6 -1.05 -10.95 4.49 47.57 43.71 -53.05 -83.41 26.58 33.58 3.63 -7.78 -50.01 -50.01 30.0 30.0 0.03 0.03 49.99 49.99 0.0 0.0
0.02 0.69 -0.82 -10.27 2.22 49.48 46.64 -50.95 -85.33 24.95 32.73 5.0 -8.04 -50.01 -50.01 30.0 30.0 0.03 0.03 49.99 49.99 0.0 0.0
0.02 0.75 -0.46 -9.26 -0.56 56.37 53.67 -48.75 -83.91 23.67 32.06 6.07 -8.24 -50.0 -50.0 30.0 30.0 0.02 0.02 49.99 49.99 0.0 0.0
0.02 0.81 -1.48 -8.52 -4.07 63.4 59.47 -46.89 -82.34 22.67 31.52 6.92 -8.4 -50.0 -50.0 30.0 30.0 0.02 0.02 50.0 50.0 0.0 0.0
0.02 0.85 -1.24 -11.23 -8.23 70.43 64.02 -45.41 -81.06 21.88 31.11 7.58 -8.52 -50.0 -50.0 30.0 30.0 0.01 0.01 50.0 50.0 0.0 0.0
0.02 -6.18 -2.64 -14.37 -11.77 66.51 63.23 -44.25 -79.34 21.26 38.12 8.1 -2.46 -50.0 -50.0 30.0 30.0 0.01 0.01 50.0 50.0 0.0 0.0
0.02 -13.21 -3.98 -16.7 -14.6 59.48 61.94 -43.34 -77.88 20.78 45.13 8.51 3.42 -50.0 -50.0 30.0 30.0 0.01 0.01 50.0 50.0 0.0 0.0
0.02 -20.24 -5.06 -18.49 -16.83 52.45 60.85 -42.62 -76.72 20.39 51.37 8.83 8.01 -50.0 -50.0 30.0 30.0 0.01 0.01 50.0 50.0 0.0 0.0
0.02 -24.24 -6.73 -16.97 -18.58 45.42 53.83 -42.06 -83.72 20.09 44.44 9.08 8.77 -50.0 -50.0 30.0 30.0 0.0 0.0 50.0 50.0 0.0 0.0
0.02 -27.15 -8.17 -15.33 -19.96 38.38 46.79 -41.62 -90.73 19.86 37.5 9.28 8.97 -50.0 -50.0 30.0 30.0 0.0 0.0 50.0 50.0 0.0 0.0
0.02 -29.4 -9.32 -13.99 -21.04 31.35 39.76 -41.27 -97.74 19.68 30.56 9.43 9.1 -50.0 -50.0 30.0 30.0 0.0 0.0 50.0 50.0 0.0 0.0
0.02 -31.17 -10.22 -12.94 -21.89 24.32 32.73 -41.0 -104.39 19.53 23.62 9.55 9.2 -50.0 -50.0 30.0 30.0 0.0 0.0 50.0 50.0 0.0 0.0
0.02 -32.56 -10.93 -12.11 -22.56 17.29 25.7 -40.78 -109.84 19.42 16.66 9.65 9.29 -50.0 -50.0 30.0 30.0 0.0 0.0 50.0 50.0 0.0 0.0
0.02 -34.91 -8.82 -12.93 -19.85 14.42 18.68 -40.61 -114.13 19.33 9.76 9.72 12.1 -50.0 -50.0 30.0 30.0 0.0 0.0 50.0 50.0 0.0 0.0
0.02 -36.95 -6.77 -13.79 -17.24 17.64 11.7 -40.48 -117.48 19.26 2.93 9.78 14.73 -50.0 -50.0 30.0 30.0 0.0 0.0 50.0 50.0 0.0 0.0
0.02 -38.57 -5.12 -14.49 -15.14 24.67 4.77 -40.38 -120.12 19.2 -3.96 9.83 16.87 -50.0 -50.0 30.0 30.0 0.0 0.0 50.0 50.0 0.0 0.0
0.02 -39.84 -3.81 -15.05 -13.48 31.7 -1.66 -40.3 -122.2 19.16 -9.88 9.87 18.58 -50.0 -50.0 30.0 30.0 0.0 0.0 50.0 50.0 0.0 0.0
0.02 -40.85 -2.78 -15.49 -12.17 38.53 -6.52 -40.23 -123.85 19.12 -14.69 9.9 19.95 -50.0 -50.0 30.0 30.0 0.0 0.0 50.0 50.0 0.0 0.0
0.02 -45.23 -9.77 -11.05 -14.36 42.54 -0.98 -40.18 -116.94 19.1 -20.71 9.92 20.39 -50.0 -50.0 30.0 30.0 0.0 0.0 50.0 50.0 0.0 0.0
0.02 -47.73 -8.08 -11.28 -15.29 39.71 4.72 -40.14 -118.66 19.08 -24.2 9.93 17.43 -50.0 -50.0 30.0 30.0 0.0 0.0 50.0 50.0 0.0 0.0
0.02 -49.53 -6.15 -11.67 -15.89 35.62 9.29 -40.11 -120.99 19.06 -26.75 9.95 14.6 -50.0 -50.0 30.0 30.0 0.0 0.0 50.0 50.0 0.0 0.0
0.02 -47.05 -4.61 -6.19 -10.13 30.55 16.28 -37.49 -122.9 12.06 -30.37 3.02 16.16 -50.0 -50.0 30.0 30.0 0.0 0.0 50.0 50.0 0.0 0.0
0.02 -40.04 -3.42 -4.58 -3.19 23.51 9.29 -37.23 -115.9 16.21 -32.65 6.35 17.97 -50.0 -50.0 30.0 30.0 0.0 0.0 50.0 50.0 0.0 0.0
0.02 -34.79 -2.48 -8.48 3.98 19.59 16.24 -44.26 -118.06 16.14 -35.14 8.06 19.46 -50.0 -50.0 30.0 30.0 0.0 0.0 50.0 50.0 0.0 0.0
0.02 -27.84 -9.44 -11.19 10.92 19.15 23.13 -51.29 -111.93 9.9 -37.14 11.33 20.6 -50.0 -50.0 30.0 30.0 0.0 0.0 50.0 50.0 0.0 0.0
0.02 -21.79 -16.42 -14.03 5.13 14.22 29.95 -53.45 -114.43 4.2 -38.75 14.21 21.51 -50.0 -50.0 30.0 30.0 0.0 0.0 50.0 50.0 0.0 0.0
0.02 -16.96 -23.39 -16.37 -1.14 9.22 36.75 -60.48 -107.81 -2.8 -32.33 13.28 22.19 -50.0 -50.0 30.0 30.0 0.0 0.0 50.0 50.0 0.0 0.0
0.02 -13.15 -30.36 -18.22 -6.08 2.56 43.55 -67.51 -101.2 -9.81 -25.92 12.07 22.75 -50.0 -50.0 30.0 30.0 0.0 0.0 50.0 50.0 0.0 0.0
0.02 -10.15 -37.34 -19.67 -10.04 -3.24 48.46 -74.55 -94.48 -16.82 -19.41 11.06 23.21 -50.0 -50.0 30.0 30.0 0.0 0.0 50.0 50.0 0.0 0.0
0.02 -7.77 -43.85 -20.82 -13.18 -7.89 55.35 -81.58 -87.74 -22.76 -12.91 10.26 23.59 -50.0 -50.0 30.0 30.0 0.0 0.0 50.0 50.0 0.0 0.0
0.02 -5.9 -49.19 -21.72 -15.68 -11.55 62.29 -88.61 -80.94 -27.52 -6.47 9.62 23.9 -50.0 -50.0 30.0 30.0 0.0 0.0 50.0 50.0 0.0 0.0
0.02 -4.43 -53.42 -22.42 -17.65 -14.43 69.25 -95.63 -74.1 -31.26 2.23 9.12 24.15 -50.0 -50.0 30.0 30.0 0.0 0.0 50.0 50.0 0.0 0.0
0.02 -3.28 -56.76 -22.98 -19.2 -16.69 75.61 -102.66 -67.22 -34.21 7.62 8.72 24.34 -50.0 -50.0 30.0 30.0 0.0 0.0 50.0 50.0 0.0 0.0
0.02 -2.36 -59.39 -23.42 -20.43 -18.46 80.8 -108.47 -60.31 -36.53 14.26 8.41 24.5 -50.0 -50.0 30.0 30.0 0.0 0.0 50.0 50.0 0.0 0.0
0.02 -0.64 -59.4 -23.76 -20.42 -21.02 80.82 -114.91 -60.26 -38.34 14.21 8.17 24.5 -50.0 -50.0 30.0 30.0 0.0 0.0 50.0 50.0 0.0 0.0
0.02 -0.21 -59.41 -24.03 -20.42 -22.12 80.83 -120.6 -60.24 -39.77 14.17 7.98 24.5 -50.0 -50.0 30.0 30.0 0.0 0.0 50.0 50.0 0.0 0.0
0.02 0.3 -59.41 -24.24 -20.42 -22.77 80.83 -125.39 -60.22 -40.9 14.15 7.83 24.5 -50.0 -50.0 30.0 30.0 0.0 0.0 50.0 50.0 0.0 0.0
0.02 0.47 -59.41 -24.4 -20.42 -23.25 80.84 -129.25 -60.21 -41.78 14.13 7.71 24.5 -50.0 -50.0 30.0 30.0 0.0 0.0 50.0 50.0 0.0 0.0
0.02 0.57 -59.41 -24.53 -20.42 -23.63 80.84 -132.24 -60.2 -42.47 14.12 7.62 24.5 -50.0 -50.0 30.0 30.0 0.0 0.0 50.0 50.0 0.0 0.0
0.02 0.66 -59.41 -24.63 -20.42 -23.92 80.84 -129.25 -60.2 -46.85 14.11 7.54 24.5 -50.0 -50.0 30.0 30.0 0.0 0.0 50.0 50.0 0.0 0.0
