0.2 -0.0 -0.0 5.99 6.0 36.99 36.99 -70.01 -70.0 38.01 38.01 -5.99 -6.0 -50.02 -50.02 29.99 29.99 0.08 0.08 49.97 49.97 -0.0 -0.0
0.3 -0.0 -0.0 5.99 6.0 36.99 36.99 -70.01 -70.0 38.01 38.01 -5.99 -6.0 -50.02 -50.02 29.99 29.99 0.08 0.08 49.97 49.97 -0.0 -0.0
0.02 0.18 -1.0 0.82 10.55 37.0 40.29 -65.45 -75.78 34.53 39.23 -3.06 -8.27 -50.02 -50.02 29.99 29.99 0.06 0.07 49.98 49.98 -0.0 -0.18
0.02 0.35 -0.82 -4.51 5.23 37.53 34.56 -60.3 -81.12 31.27 40.36 -0.32 -10.37 -50.01 -50.02 29.99 29.99 0.05 0.05 49.98 49.98 -0.0 -0.35
0.02 0.49 -0.47 -8.88 8.61 41.75 42.19 -55.98 -85.48 28.64 41.28 1.9 -12.08 -50.01 -50.01 30.0 30.0 0.04 0.04 49.99 49.99 -0.0 -0.49
0.02 0.6 -0.16 -12.34 11.34 44.92 47.97 -52.55 -88.92 26.57 42.02 3.64 -13.44 -50.01 -50.01 30.0 30.0 0.03 0.03 49.99 49.99 -0.0 -0.6
0.02 0.69 0.09 -14.94 12.96 47.24 51.72 -49.86 -91.63 24.94 42.59 5.01 -14.51 -50.01 -50.01 30.0 30.0 0.03 0.03 49.99 49.99 -0.0 -0.69
0.02 0.75 -2.11 -15.85 11.13 50.34 52.57 -47.74 -89.58 23.66 43.04 6.08 -15.34 -50.0 -50.01 30.0 30.0 0.02 0.02 49.99 49.99 -0.0 -0.75
0.02 0.81 -9.12 -16.33 4.63 53.04 50.31 -46.07 -87.34 22.66 43.39 6.92 -16.0 -50.0 -50.0 30.0 30.0 0.02 0.02 50.0 50.0 -0.0 -0.81
0.02 0.85 -14.77 -16.27 -1.58 55.21 47.87 -44.77 -85.5 21.88 43.67 7.58 -16.51 -50.0 -50.0 30.0 30.0 0.01 0.01 50.0 50.0 -0.0 -0.85
0.02 -3.29 -12.95 -15.86 -6.51 49.44 51.0 -43.74 -91.71 21.26 47.15 8.1 -9.48 -50.0 -50.0 30.0 30.0 0.01 0.01 50.0 50.0 -0.0 1.57
0.02 -7.17 -10.18 -15.58 -10.45 42.41 54.24 -42.94 -97.76 20.77 50.39 8.51 -2.46 -50.0 -50.0 30.0 30.0 0.01 0.01 50.0 50.0 -0.0 3.85
0.02 -10.29 -7.8 -15.38 -13.56 35.37 56.88 -42.31 -102.66 20.39 53.0 8.83 3.4 -50.0 -50.0 30.0 30.0 0.0 0.01 50.0 50.0 -0.0 5.68
0.02 -17.32 -5.91 -14.92 -16.02 27.82 49.86 -41.81 -108.19 20.09 46.12 9.08 7.92 -50.0 -50.0 30.0 30.0 0.0 0.0 50.0 50.0 -0.0 4.7
0.02 -23.7 -4.43 -14.5 -17.95 24.84 42.85 -41.42 -112.78 19.86 39.25 9.28 11.51 -50.0 -50.0 30.0 30.0 0.0 0.0 50.0 50.0 -0.0 3.57
0.02 -28.84 -3.26 -14.17 -19.46 23.17 35.84 -41.12 -116.43 19.67 32.37 9.43 14.35 -50.0 -50.0 30.0 30.0 0.0 0.0 50.0 50.0 -0.0 2.63
0.02 -32.88 -2.35 -13.92 -20.65 21.96 29.55 -40.88 -119.32 19.53 25.44 9.56 16.62 -50.0 -50.0 30.0 30.0 0.0 0.0 50.0 50.0 -0.0 1.88
0.02 -36.06 -1.63 -13.71 -21.58 21.02 24.46 -40.69 -121.6 19.42 18.99 9.65 18.41 -50.0 -50.0 30.0 30.0 0.0 0.0 50.0 50.0 -0.0 1.28
0.02 -37.43 -1.07 -12.9 -20.71 27.94 17.77 -40.54 -123.38 19.33 12.11 9.73 19.82 -50.0 -50.0 30.0 30.0 0.0 0.0 50.0 50.0 -0.0 0.81
0.02 -38.34 -0.63 -12.16 -19.78 34.73 12.1 -40.42 -124.79 19.26 5.24 9.79 20.94 -50.0 -50.0 30.0 30.0 0.0 0.0 50.0 50.0 -0.0 0.43
0.02 -39.03 -0.28 -11.57 -19.02 40.23 7.59 -40.33 -125.9 19.2 -1.42 9.83 21.83 -50.0 -50.0 30.0 30.0 0.0 0.0 50.0 50.0 -0.0 0.15
0.02 -39.57 0.08 -11.11 -18.42 44.58 4.05 -40.26 -126.78 19.16 -6.37 9.87 22.52 -50.0 -50.0 30.0 30.0 0.0 0.0 50.0 50.0 -0.0 -0.14
0.02 -40.0 0.23 -10.74 -17.95 47.99 1.33 -40.21 -127.47 19.12 -10.4 9.9 23.06 -50.0 -50.0 30.0 30.0 0.0 0.0 50.0 50.0 -0.0 -0.31
0.02 -45.64 -6.78 -5.11 -19.18 48.24 3.69 -40.16 -124.84 19.1 -15.84 9.92 22.97 -50.0 -50.0 30.0 30.0 0.0 0.0 50.0 50.0 -0.0 4.64
0.02 -48.22 -5.76 -6.16 -19.11 42.9 8.05 -40.13 -125.47 19.08 -20.15 9.93 19.47 -50.0 -50.0 30.0 30.0 0.0 0.0 50.0 50.0 -0.0 4.38
0.02 -49.94 -4.34 -7.58 -18.89 37.87 11.86 -40.1 -126.39 19.06 -23.55 9.95 16.21 -50.0 -50.0 30.0 30.0 0.0 0.0 50.0 50.0 -0.0 3.53
0.02 -49.12 -3.19 -5.21 -11.87 30.84 18.47 -36.88 -127.15 12.04 -27.85 12.7 17.43 -50.0 -50.0 30.0 30.0 0.0 0.0 50.0 50.0 0.52 2.6
0.02 -42.09 -2.29 -3.05 -13.5 26.76 20.9 -30.38 -127.76 10.17 -25.3 15.28 18.96 -50.0 -50.0 30.0 30.0 0.0 0.0 50.0 50.0 2.98 1.84
0.02 -35.08 -1.6 -6.9 -6.53 25.52 27.87 -33.26 -128.23 3.15 -28.54 13.24 20.24 -50.0 -50.0 30.0 30.0 0.0 0.0 50.0 50.0 2.6 1.24
0.02 -31.04 -8.55 -10.69 -1.73 22.85 34.77 -40.29 -121.47 -3.52 -31.8 14.04 21.22 -50.0 -50.0 30.0 30.0 0.0 0.0 50.0 50.0 1.89 0.78
0.02 -24.84 -15.53 -13.62 -5.12 17.37 41.17 -41.88 -114.78 -10.54 -31.72 16.14 19.18 -50.0 -50.0 30.0 30.0 0.0 0.0 50.0 50.0 1.28 0.44
0.02 -19.42 -22.5 -16.04 -9.07 13.07 47.97 -48.92 -108.14 -17.55 -25.28 18.01 19.9 -50.0 -50.0 30.0 30.0 0.0 0.0 50.0 50.0 0.79 0.2
0.02 -15.1 -29.45 -17.95 -12.38 6.06 54.76 -55.95 -101.52 -23.37 -18.89 19.5 20.81 -50.0 -50.0 30.0 30.0 0.0 0.0 50.0 50.0 0.41 -0.16
0.02 -11.68 -36.43 -19.46 -15.04 -0.42 60.83 -62.98 -94.82 -27.99 -12.43 20.68 21.62 -50.0 -50.0 30.0 30.0 0.0 0.0 50.0 50.0 0.11 -0.3
0.02 -8.99 -43.43 -20.65 -17.15 -5.66 67.72 -70.01 -88.08 -31.63 -6.83 21.61 22.3 -50.0 -50.0 30.0 30.0 0.0 0.0 50.0 50.0 -0.13 -0.42
0.02 -6.86 -49.66 -21.59 -18.82 -9.8 74.29 -77.04 -81.48 -34.5 -2.5 22.34 22.86 -50.0 -50.0 30.0 30.0 0.0 0.0 50.0 50.0 -0.31 -0.52
0.02 -5.18 -54.71 -22.33 -20.13 -13.05 79.71 -84.07 -75.94 -36.75 2.56 22.91 23.32 -50.0 -50.0 30.0 30.0 0.0 0.0 50.0 50.0 -0.46 -0.62
0.02 -3.86 -58.71 -22.9 -21.17 -15.61 84.04 -91.1 -71.47 -38.52 5.46 23.36 23.68 -50.0 -50.0 30.0 30.0 0.0 0.0 50.0 50.0 -0.58 -0.7
0.02 -2.82 -61.85 -23.35 -21.98 -17.62 87.47 -98.13 -67.91 -39.91 7.78 23.72 23.97 -50.0 -50.0 30.0 30.0 0.0 0.0 50.0 50.0 -0.67 -0.76
0.02 -2.0 -64.32 -23.71 -22.63 -19.21 90.17 -104.73 -65.09 -41.0 9.68 23.99 24.2 -50.0 -50.0 30.0 30.0 0.0 0.0 50.0 50.0 -0.74 -0.81
0.02 -1.36 -66.26 -23.99 -23.13 -20.45 92.29 -110.13 -62.86 -41.86 11.22 24.21 24.37 -50.0 -50.0 30.0 30.0 0.0 0.0 50.0 50.0 -0.79 -0.85
0.02 -0.86 -67.78 -24.21 -23.53 -21.43 93.95 -116.53 -61.11 -42.53 12.45 24.38 24.51 -50.0 -50.0 30.0 30.0 0.0 0.0 50.0 50.0 -0.84 -0.88
0.02 -0.46 -68.97 -24.38 -23.85 -22.19 95.26 -120.97 -59.74 -43.06 13.43 24.52 24.62 -50.0 -50.0 30.0 30.0 0.0 0.0 50.0 50.0 -0.87 -0.91
0.02 -0.18 -69.91 -24.51 -24.1 -22.8 96.28 -123.81 -58.66 -43.48 14.2 24.62 24.7 -50.0 -50.0 30.0 30.0 0.0 0.0 50.0 50.0 -0.9 -0.93
0.02 0.17 -70.64 -24.62 -24.29 -23.27 97.08 -125.31 -57.82 -43.81 14.81 24.7 24.77 -50.0 -50.0 30.0 30.0 0.0 0.0 50.0 50.0 -0.92 -0.94
0.02 0.34 -71.21 -24.7 -24.44 -23.64 97.71 -126.34 -57.16 -44.06 15.29 24.77 24.82 -50.0 -50.0 30.0 30.0 0.0 0.0 50.0 50.0 -0.94 -0.95
