0.2 -0.0 -0.0 6.0 5.99 36.99 36.99 -70.0 -70.01 38.01 38.01 -6.0 -5.99 -50.02 -50.02 29.99 29.99 0.08 0.08 49.97 49.97 -0.0 -0.0
0.3 -0.0 -0.0 6.0 5.99 36.99 36.99 -70.0 -70.01 38.01 38.01 -6.0 -5.99 -50.02 -50.02 29.99 29.99 0.08 0.08 49.97 49.97 -0.0 -0.0
0.02 -1.0 0.18 10.55 0.82 40.29 37.0 -75.78 -65.45 39.23 34.53 -8.27 -3.06 -50.02 -50.02 29.99 29.99 0.07 0.06 49.98 49.98 -0.18 -0.0
0.02 -0.82 0.35 5.23 -4.51 34.56 37.53 -81.12 -60.3 40.36 31.27 -10.37 -0.32 -50.02 -50.01 29.99 29.99 0.05 0.05 49.98 49.98 -0.35 -0.0
0.02 -0.47 0.49 8.61 -8.88 42.19 41.75 -85.48 -55.98 41.28 28.64 -12.08 1.9 -50.01 -50.01 30.0 30.0 0.04 0.04 49.99 49.99 -0.49 -0.0
0.02 -0.16 0.6 11.34 -12.34 47.97 44.92 -88.92 -52.55 42.02 26.57 -13.44 3.64 -50.01 -50.01 30.0 30.0 0.03 0.03 49.99 49.99 -0.6 -0.0
0.02 0.09 0.69 12.96 -14.94 51.72 47.24 -91.63 -49.86 42.59 24.94 -14.51 5.01 -50.01 -50.01 30.0 30.0 0.03 0.03 49.99 49.99 -0.69 -0.0
0.02 -2.11 0.75 11.13 -15.85 52.57 50.34 -89.58 -47.74 43.04 23.66 -15.34 6.08 -50.01 -50.0 30.0 30.0 0.02 0.02 49.99 49.99 -0.75 -0.0
0.02 -9.12 0.81 4.63 -16.33 50.31 53.04 -87.34 -46.07 43.39 22.66 -16.0 6.92 -50.0 -50.0 30.0 30.0 0.02 0.02 50.0 50.0 -0.81 -0.0
0.02 -14.77 0.85 -1.58 -16.27 47.87 55.21 -85.5 -44.77 43.67 21.88 -16.51 7.58 -50.0 -50.0 30.0 30.0 0.01 0.01 50.0 50.0 -0.85 -0.0
0.02 -12.95 -3.29 -6.51 -15.86 51.0 49.44 -91.71 -43.74 47.15 21.26 -9.48 8.1 -50.0 -50.0 30.0 30.0 0.01 0.01 50.0 50.0 1.57 -0.0
0.02 -10.18 -7.17 -10.45 -15.58 54.24 42.41 -97.76 -42.94 50.39 20.77 -2.46 8.51 -50.0 -50.0 30.0 30.0 0.01 0.01 50.0 50.0 3.85 -0.0
0.02 -7.8 -10.29 -13.56 -15.38 56.88 35.37 -102.66 -42.31 53.0 20.39 3.4 8.83 -50.0 -50.0 30.0 30.0 0.01 0.0 50.0 50.0 5.68 -0.0
0.02 -5.91 -17.32 -16.02 -14.92 49.86 27.82 -108.19 -41.81 46.12 20.09 7.92 9.08 -50.0 -50.0 30.0 30.0 0.0 0.0 50.0 50.0 4.7 -0.0
0.02 -4.43 -23.7 -17.95 -14.5 42.85 24.84 -112.78 -41.42 39.25 19.86 11.51 9.28 -50.0 -50.0 30.0 30.0 0.0 0.0 50.0 50.0 3.57 -0.0
0.02 -3.26 -28.84 -19.46 -14.17 35.84 23.17 -116.43 -41.12 32.37 19.67 14.35 9.43 -50.0 -50.0 30.0 30.0 0.0 0.0 50.0 50.0 2.63 -0.0
0.02 -2.35 -32.88 -20.65 -13.92 29.55 21.96 -119.32 -40.88 25.44 19.53 16.62 9.56 -50.0 -50.0 30.0 30.0 0.0 0.0 50.0 50.0 1.88 -0.0
0.02 -1.63 -36.06 -21.58 -13.71 24.46 21.02 -121.6 -40.69 18.99 19.42 18.41 9.65 -50.0 -50.0 30.0 30.0 0.0 0.0 50.0 50.0 1.28 -0.0
0.02 -1.07 -37.43 -20.71 -12.9 17.77 27.94 -123.38 -40.54 12.11 19.33 19.82 9.73 -50.0 -50.0 30.0 30.0 0.0 0.0 50.0 50.0 0.81 -0.0
0.02 -0.63 -38.34 -19.78 -12.16 12.1 34.73 -124.79 -40.42 5.24 19.26 20.94 9.79 -50.0 -50.0 30.0 30.0 0.0 0.0 50.0 50.0 0.43 -0.0
0.02 -0.28 -39.03 -19.02 -11.57 7.59 40.23 -125.9 -40.33 -1.42 19.2 21.83 9.83 -50.0 -50.0 30.0 30.0 0.0 0.0 50.0 50.0 0.15 -0.0
0.02 0.08 -39.57 -18.42 -11.11 4.05 44.58 -126.78 -40.26 -6.37 19.16 22.52 9.87 -50.0 -50.0 30.0 30.0 0.0 0.0 50.0 50.0 -0.14 -0.0
0.02 0.23 -40.0 -17.95 -10.74 1.33 47.99 -127.47 -40.21 -10.4 19.12 23.06 9.9 -50.0 -50.0 30.0 30.0 0.0 0.0 50.0 50.0 -0.31 -0.0
0.02 -6.78 -45.64 -19.18 -5.11 3.69 48.24 -124.84 -40.16 -15.84 19.1 22.97 9.92 -50.0 -50.0 30.0 30.0 0.0 0.0 50.0 50.0 4.64 -0.0
0.02 -5.76 -48.22 -19.11 -6.16 8.05 42.9 -125.47 -40.13 -20.15 19.08 19.47 9.93 -50.0 -50.0 30.0 30.0 0.0 0.0 50.0 50.0 4.38 -0.0
0.02 -4.34 -49.94 -18.89 -7.58 11.86 37.87 -126.39 -40.1 -23.55 19.06 16.21 9.95 -50.0 -50.0 30.0 30.0 0.0 0.0 50.0 50.0 3.53 -0.0
0.02 -3.19 -49.12 -11.87 -5.21 18.47 30.84 -127.15 -36.88 -27.85 12.04 17.43 12.7 -50.0 -50.0 30.0 30.0 0.0 0.0 50.0 50.0 2.6 0.52
0.02 -2.29 -42.09 -13.5 -3.05 20.9 26.76 -127.76 -30.38 -25.3 10.17 18.96 15.28 -50.0 -50.0 30.0 30.0 0.0 0.0 50.0 50.0 1.84 2.98
0.02 -1.6 -35.08 -6.53 -6.9 27.87 25.52 -128.23 -33.26 -28.54 3.15 20.24 13.24 -50.0 -50.0 30.0 30.0 0.0 0.0 50.0 50.0 1.24 2.6
0.02 -8.55 -31.04 -1.73 -10.69 34.77 22.85 -121.47 -40.29 -31.8 -3.52 21.22 14.04 -50.0 -50.0 30.0 30.0 0.0 0.0 50.0 50.0 0.78 1.89
0.02 -15.53 -24.84 -5.12 -13.62 41.17 17.37 -114.78 -41.88 -31.72 -10.54 19.18 16.14 -50.0 -50.0 30.0 30.0 0.0 0.0 50.0 50.0 0.44 1.28
0.02 -22.5 -19.42 -9.07 -16.04 47.97 13.07 -108.14 -48.92 -25.28 -17.55 19.9 18.01 -50.0 -50.0 30.0 30.0 0.0 0.0 50.0 50.0 0.2 0.79
0.02 -29.45 -15.1 -12.38 -17.95 54.76 6.06 -101.52 -55.95 -18.89 -23.37 20.81 19.5 -50.0 -50.0 30.0 30.0 0.0 0.0 50.0 50.0 -0.16 0.41
0.02 -36.43 -11.68 -15.04 -19.46 60.83 -0.42 -94.82 -62.98 -12.43 -27.99 21.62 20.68 -50.0 -50.0 30.0 30.0 0.0 0.0 50.0 50.0 -0.3 0.11
0.02 -43.43 -8.99 -17.15 -20.65 67.72 -5.66 -88.08 -70.01 -6.83 -31.63 22.3 21.61 -50.0 -50.0 30.0 30.0 0.0 0.0 50.0 50.0 -0.42 -0.13
0.02 -49.66 -6.86 -18.82 -21.59 74.29 -9.8 -81.48 -77.04 -2.5 -34.5 22.86 22.34 -50.0 -50.0 30.0 30.0 0.0 0.0 50.0 50.0 -0.52 -0.31
0.02 -54.71 -5.18 -20.13 -22.33 79.71 -13.05 -75.94 -84.07 2.56 -36.75 23.32 22.91 -50.0 -50.0 30.0 30.0 0.0 0.0 50.0 50.0 -0.62 -0.46
0.02 -58.71 -3.86 -21.17 -22.9 84.04 -15.61 -71.47 -91.1 5.46 -38.52 23.68 23.36 -50.0 -50.0 30.0 30.0 0.0 0.0 50.0 50.0 -0.7 -0.58
0.02 -61.85 -2.82 -21.98 -23.35 87.47 -17.62 -67.91 -98.13 7.78 -39.91 23.97 23.72 -50.0 -50.0 30.0 30.0 0.0 0.0 50.0 50.0 -0.76 -0.67
0.02 -64.32 -2.0 -22.63 -23.71 90.17 -19.21 -65.09 -104.73 9.68 -41.0 24.2 23.99 -50.0 -50.0 30.0 30.0 0.0 0.0 50.0 50.0 -0.81 -0.74
0.02 -66.26 -1.36 -23.13 -23.99 92.29 -20.45 -62.86 -110.13 11.22 -41.86 24.37 24.21 -50.0 -50.0 30.0 30.0 0.0 0.0 50.0 50.0 -0.85 -0.79
0.02 -67.78 -0.86 -23.53 -24.21 93.95 -21.43 -61.11 -116.53 12.45 -42.53 24.51 24.38 -50.0 -50.0 30.0 30.0 0.0 0.0 50.0 50.0 -0.88 -0.84
0.02 -68.97 -0.46 -23.85 -24.38 95.26 -22.19 -59.74 -120.97 13.43 -43.06 24.62 24.52 -50.0 -50.0 30.0 30.0 0.0 0.0 50.0 50.0 -0.91 -0.87
0.02 -69.91 -0.18 -24.1 -24.51 96.28 -22.8 -58.66 -123.81 14.2 -43.48 24.7 24.62 -50.0 -50.0 30.0 30.0 0.0 0.0 50.0 50.0 -0.93 -0.9
0.02 -70.64 0.17 -24.29 -24.62 97.08 -23.27 -57.82 -125.31 14.81 -43.81 24.77 24.7 -50.0 -50.0 30.0 30.0 0.0 0.0 50.0 50.0 -0.94 -0.92
0.02 -71.21 0.34 -24.44 -24.7 97.71 -23.64 -57.16 -126.34 15.29 -44.06 24.82 24.77 -50.0 -50.0 30.0 30.0 0.0 0.0 50.0 50.0 -0.95 -0.94
